1	3 
2	21 
3	18 
4	17 
5	6 15 16 
6	11 15 16 
7	7 
8	19 
9	8 
10	13 
11	7 
12	7 
13	11 
14	27 
15	17 
16	18 
17	18 
18	19 
19	16 
20	15 
21	14 15 18 
22	26 
23	21 
24	13 
25	6 
26	19 
27	19 
28	15 
29	22 
30	24 
31	6 
32	2 
33	26 
34	4 
35	16 
36	12 
37	4 13 26 
38	16 
39	15 
40	14 
41	11 
42	14 
43	21 
44	18 
45	26 
46	21 
47	18 
48	15 
49	27 
50	22 
51	4 6 25 
52	9 
53	16 
54	7 
55	14 
56	17 
57	15 
58	9 
59	17 21 27 
60	14 
61	21 
62	6 
63	6 
64	18 19 23 
65	19 
66	9 15 16 
67	14 
68	12 
69	10 
70	25 
71	5 
72	20 
73	14 15 27 
74	13 
75	1 
76	27 
77	6 
78	21 
79	16 
80	19 
81	17 
82	9 
83	4 
84	25 
85	14 
86	11 
87	17 
88	10 
89	1 
90	15 
91	3 
92	7 
93	15 
94	4 6 14 
95	9 
96	9 
97	19 
98	8 
99	15 
100	8 
101	3 
102	24 
103	4 17 19 
104	12 
105	14 15 22 
106	27 
107	23 
108	6 
109	21 
110	15 
111	19 
112	3 
113	16 
114	22 
115	19 
116	9 
117	16 
118	18 
119	19 
120	12 
121	15 
122	5 
123	6 
124	13 
125	1 
126	14 
127	5 
128	14 
129	19 
130	10 
131	15 
132	19 
133	16 
134	14 
135	15 
136	7 
137	13 
138	1 
139	22 
140	26 
141	20 
142	11 15 21 
143	6 
144	4 
145	16 
146	2 
147	3 
148	23 
149	21 
150	11 
151	11 
152	14 
153	14 
154	26 
155	4 
156	17 
157	9 
158	9 
159	19 
160	4 
161	14 
162	9 19 26 
163	5 
164	6 
165	21 
166	11 15 26 
167	22 
168	1 
169	17 
170	14 
171	18 
172	14 
173	21 
174	20 
175	21 
176	19 
177	1 
178	17 
179	20 
180	21 
181	20 
182	11 
183	22 
184	13 
185	8 17 19 
186	23 
187	15 
188	22 
189	16 
190	6 10 27 
191	2 
192	26 
193	7 
194	5 15 19 
195	6 
196	21 
197	19 
198	11 15 16 
199	4 
200	7 
201	8 
202	12 
203	11 
204	10 
205	27 
206	21 
207	8 
208	21 
209	11 21 26 
210	19 
211	17 
212	15 
213	13 
214	13 
215	16 21 23 
216	21 
217	21 
218	19 
219	15 19 23 
220	8 
221	21 
222	14 
223	4 
224	19 
225	23 
226	4 
227	13 
228	5 
229	12 
230	15 
231	2 
232	15 
233	21 
234	23 
235	16 
236	14 
237	13 
238	18 
239	23 
240	2 8 19 
241	26 
242	2 
243	19 
244	21 
245	15 
246	6 
247	6 19 23 
248	12 19 22 
249	13 
250	7 
251	13 
252	13 
253	10 
254	19 
255	24 
256	1 
257	12 
258	17 
259	2 12 21 
260	21 
261	18 
262	5 
263	21 
264	7 
265	20 
266	3 13 21 
267	12 
268	7 
269	1 3 21 
270	17 
271	19 
272	1 
273	6 9 25 
274	15 
275	7 
276	11 
277	13 
278	10 13 14 
279	21 
280	8 
281	1 2 10 
282	5 
283	24 
284	13 
285	13 
286	25 
287	21 
288	19 
289	1 
290	15 
291	19 
292	5 
293	4 
294	3 14 19 
295	21 
296	17 
297	17 18 25 
298	13 
299	4 
300	2 
301	21 
302	19 
303	6 
304	13 
305	16 
306	13 
307	18 
308	11 
309	7 15 20 
310	3 6 18 
311	11 15 18 
312	11 
313	10 13 17 
314	15 
315	11 
316	20 
317	4 
318	14 
319	14 
320	26 
321	17 
322	5 
323	10 
324	5 
325	3 
326	23 
327	6 
328	16 
329	5 
330	15 
331	11 
332	5 
333	3 
334	5 
335	7 17 19 
336	26 
337	6 13 19 
338	21 
339	7 
340	12 
341	19 
342	8 
343	7 
344	21 
345	16 
346	4 
347	9 
348	14 
349	13 
350	21 
351	13 
352	15 
353	11 
354	21 
355	2 
356	12 14 23 
357	13 
358	24 
359	6 
360	26 
361	27 
362	16 
363	18 
364	11 
365	8 
366	10 
367	1 
368	9 18 21 
369	14 
370	19 
371	16 
372	17 
373	10 
374	22 
375	5 15 16 
376	19 
377	15 
378	24 
379	18 
380	14 17 18 
381	2 
382	15 
383	16 
384	1 
385	16 17 25 
386	7 
387	11 
388	25 
389	8 
390	7 
391	9 
392	12 
393	21 
394	9 
395	5 
396	13 
397	15 
398	15 
399	3 10 23 
400	13 
401	17 
402	19 
403	16 
404	6 
405	23 
406	5 
407	1 
408	25 
409	11 
410	15 
411	26 
412	5 7 19 
413	5 12 15 
414	11 
415	14 
416	12 
417	4 
418	11 
419	9 
420	13 
421	7 
422	9 
423	7 
424	21 
425	14 
426	13 
427	21 
428	19 
429	19 
430	16 
431	16 
432	17 
433	14 
434	1 
435	13 
436	18 
437	18 
438	3 
439	13 
440	16 
441	18 
442	15 
443	4 
444	16 
445	17 
446	16 
447	4 
448	17 
449	3 14 15 
450	25 
451	19 
452	13 
453	5 13 21 
454	22 
455	14 17 19 
456	17 19 20 
457	21 
458	24 
459	26 
460	24 
461	19 
462	15 
463	9 
464	14 
465	11 
466	5 
467	21 
468	21 
469	18 
470	11 
471	7 
472	2 
473	15 
474	8 
475	6 17 18 
476	1 13 15 
477	21 
478	18 
479	26 
480	6 
481	5 
482	19 
483	9 
484	19 
485	21 
486	7 
487	15 
488	3 
489	19 
490	5 17 21 
491	6 
492	16 
493	21 
494	15 
495	25 
496	13 
497	17 
498	23 
499	6 
500	3 14 17 
501	16 
502	7 
503	1 
504	21 
505	11 
506	18 
507	23 
508	20 
509	14 
510	21 
511	21 
512	7 
513	20 
514	15 
515	5 
516	11 
517	21 
518	5 21 25 
519	5 13 19 
520	2 13 18 
521	21 
522	2 
523	5 
524	15 
525	3 
526	13 
527	7 
528	10 
529	16 
530	12 
531	21 
532	5 
533	15 
534	17 
535	18 
536	11 
537	8 12 19 
538	9 
539	6 
540	11 
541	9 13 19 
542	5 
543	13 
544	19 
545	2 
546	14 
547	15 
548	5 
549	21 
550	23 
551	5 
552	18 
553	11 
554	25 
555	13 
556	9 14 19 
557	8 
558	15 
559	21 
560	13 
561	1 13 16 
562	4 
563	13 
564	25 
565	22 
566	18 
567	25 
568	11 
569	19 
570	21 
571	26 
572	17 
573	19 
574	15 
575	14 
576	20 
577	13 
578	4 
579	19 
580	12 
581	14 
582	4 
583	15 
584	6 
585	2 
586	10 
587	1 
588	13 
589	18 
590	26 
591	11 
592	14 19 24 
593	16 
594	21 
595	5 
596	15 
597	13 
598	5 
599	13 
600	14 15 17 
601	27 
602	8 
603	22 
604	4 
605	23 
606	13 
607	2 
608	8 
609	17 
610	23 
611	18 
612	11 
613	6 7 21 
614	12 
615	11 
616	14 16 21 
617	10 
618	16 
619	11 
620	11 
621	21 
622	21 
623	19 
624	5 
625	18 
626	4 13 19 
627	5 
628	5 
629	21 
630	9 
631	9 
632	10 14 25 
633	21 
634	3 9 21 
635	1 
636	3 
637	9 
638	15 
639	18 
640	14 
641	13 
642	1 
643	19 
644	11 
645	18 
646	21 
647	11 
648	19 
649	4 
650	2 
651	13 
652	20 
653	20 
654	10 
655	11 
656	2 
657	7 
658	2 16 17 
659	17 
660	10 16 17 
661	15 
662	22 
663	21 
664	8 16 18 
665	4 16 25 
666	9 
667	15 
668	6 
669	5 15 17 
670	15 
671	2 
672	22 
673	10 
674	2 
675	8 10 19 
676	22 
677	19 
678	2 
679	5 
680	13 
681	5 14 19 
682	22 
683	13 
684	23 
685	13 
686	6 
687	1 
688	5 8 19 
689	19 21 23 
690	8 
691	13 
692	14 
693	14 
694	10 
695	2 
696	26 
697	3 
698	5 15 17 
699	7 11 16 
700	3 
701	6 
702	7 
703	21 
704	21 25 27 
705	17 
706	15 
707	21 
708	10 13 27 
709	4 
710	1 6 13 
711	13 
712	19 
713	11 23 24 
714	6 
715	17 
716	10 
717	4 13 17 
718	5 
719	2 
720	21 
721	18 
722	15 
723	8 
724	5 
725	2 7 19 
726	6 
727	3 6 19 
728	19 
729	8 
730	13 
731	6 9 23 
732	21 
733	16 
734	19 
735	22 
736	21 
737	7 14 15 
738	26 
739	26 
740	14 
741	16 
742	27 
743	19 
744	21 
745	7 
746	4 
747	26 
748	14 
749	13 
750	11 
751	13 
752	9 
753	8 
754	15 
755	6 
756	22 
757	8 
758	12 
759	17 
760	3 
761	2 
762	5 
763	23 
764	9 
765	14 
766	4 
767	11 16 18 
768	19 
769	2 17 19 
770	15 
771	17 
772	6 
773	2 
774	18 
775	13 
776	18 
777	26 
778	2 
779	6 7 21 
780	2 9 15 
781	17 19 21 
782	15 
783	12 
784	7 
785	15 
786	21 
787	11 
788	4 
789	9 
790	16 
791	15 
792	13 
793	7 
794	19 
795	10 
796	20 
797	23 
798	11 20 21 
799	6 
800	1 
801	11 
802	8 
803	13 
804	19 
805	16 
806	19 
807	21 
808	21 
809	27 
810	27 
811	19 
812	11 
813	17 
814	14 
815	8 
816	13 
817	25 
818	23 
819	14 
820	12 
821	13 
822	19 
823	9 15 21 
824	14 
825	15 
826	15 
827	1 4 17 
828	21 
829	7 13 14 
830	13 
831	6 
832	9 
833	5 
834	13 21 24 
835	4 
836	9 
837	16 
838	7 
839	13 
840	6 13 17 
841	26 
842	1 
843	10 
844	17 
845	19 
846	19 
847	19 
848	5 
849	19 
850	21 
851	15 
852	1 
853	13 
854	8 
855	27 
856	16 
857	16 
858	19 
859	21 
860	1 
861	9 
862	19 
863	17 
864	15 
865	19 
866	7 
867	13 
868	15 
869	27 
870	15 
871	7 
872	24 
873	21 
874	19 
875	9 
876	7 
877	6 
878	14 
879	23 
880	14 
881	8 
882	7 
883	2 5 21 
884	4 
885	15 
886	19 
887	14 
888	16 
889	18 
890	16 
891	2 
892	26 
893	19 
894	9 
895	4 
896	14 
897	11 
898	19 
899	13 
900	4 15 21 
901	19 
902	6 
903	27 
904	13 
905	2 
906	1 
907	5 
908	5 
909	26 
910	15 
911	6 
912	13 14 23 
913	3 6 21 
914	5 8 11 
915	23 
916	15 
917	21 
918	15 
919	14 
920	19 
921	21 
922	2 
923	11 
924	3 
925	17 
926	11 
927	13 
928	13 
929	11 
930	11 
931	15 
932	14 
933	17 
934	18 
935	19 
936	3 
937	13 
938	19 
939	25 
940	4 
941	16 
942	12 19 22 
943	2 
944	19 
945	5 15 18 
946	23 
947	15 
948	24 
949	22 
950	8 
951	2 
952	20 
953	21 
954	14 
955	17 
956	11 14 15 
957	24 
958	2 
959	16 
960	21 
961	14 
962	2 
963	14 
964	13 
965	24 
966	3 
967	19 
968	14 
969	18 
970	13 
971	6 
972	7 
973	3 
974	3 18 24 
975	7 
976	22 
977	4 13 27 
978	21 
979	6 
980	21 
981	26 
982	6 
983	13 
984	19 
985	12 
986	18 
987	21 
988	7 
989	27 
990	19 
991	24 
992	15 17 26 
993	20 
994	18 
995	5 9 15 
996	5 
997	3 
998	10 
999	11 
1000	11 
1001	26 
1002	10 
1003	4 
1004	22 
1005	2 
1006	13 
1007	26 
1008	16 
1009	9 
1010	14 
1011	1 
1012	14 
1013	3 
1014	16 19 20 
1015	15 
1016	8 
1017	12 
1018	18 
1019	15 
1020	3 
1021	26 
1022	26 
1023	14 
1024	21 
1025	16 
1026	21 
1027	7 
1028	3 
1029	21 
1030	11 
1031	27 
1032	7 
1033	21 
1034	5 
1035	21 
1036	23 
1037	19 
1038	12 
1039	3 6 18 
1040	7 
1041	3 15 24 
1042	6 
1043	17 
1044	15 
1045	23 
1046	5 
1047	13 
1048	9 
1049	18 
1050	17 
1051	3 11 15 
1052	12 
1053	14 
1054	12 
1055	15 
1056	13 
1057	21 
1058	3 
1059	7 
1060	8 
1061	15 
1062	7 
1063	1 
1064	2 
1065	10 14 27 
1066	23 
1067	15 
1068	7 
1069	4 5 12 
1070	13 
1071	20 
1072	1 
1073	14 
1074	17 
1075	14 
1076	15 
1077	18 
1078	6 
1079	22 
1080	20 
1081	24 
1082	13 
1083	17 
1084	12 
1085	11 
1086	3 16 23 
1087	21 
1088	17 18 19 
1089	21 
1090	14 
1091	11 
1092	19 
1093	15 
1094	6 10 22 
1095	10 
1096	22 
1097	14 
1098	15 
1099	8 
1100	5 
1101	26 
1102	20 
1103	23 
1104	14 
1105	4 15 21 
1106	25 
1107	3 
1108	15 
1109	6 14 15 
1110	21 
1111	15 
1112	21 
1113	5 
1114	21 
1115	10 19 21 
1116	10 16 17 
1117	13 
1118	26 
1119	19 
1120	15 
1121	15 
1122	17 
1123	18 
1124	2 5 6 
1125	25 
1126	17 
1127	5 
1128	11 23 26 
1129	21 
1130	3 
1131	21 
1132	4 
1133	18 
1134	14 
1135	14 
1136	5 
1137	26 
1138	12 
1139	23 
1140	6 12 17 
1141	21 
1142	25 
1143	11 
1144	16 17 27 
1145	14 
1146	11 
1147	17 
1148	21 
1149	16 
1150	5 
1151	8 
1152	13 
1153	4 
1154	17 
1155	16 
1156	4 
1157	20 
1158	25 
1159	5 
1160	15 
1161	19 
1162	5 
1163	3 
1164	15 
1165	4 
1166	20 21 23 
1167	18 
1168	14 
1169	19 
1170	16 
1171	5 
1172	6 
1173	15 
1174	21 
1175	8 
1176	3 
1177	2 
1178	20 
1179	19 
1180	4 14 19 
1181	7 
1182	20 
1183	16 
1184	6 
1185	21 
1186	18 
1187	13 
1188	2 
1189	21 
1190	13 15 27 
1191	13 
1192	18 
1193	5 
1194	15 
1195	13 
1196	1 
1197	13 
1198	1 
1199	6 
1200	13 
1201	8 18 21 
1202	22 
1203	3 
1204	9 
1205	8 
1206	7 
1207	15 
1208	19 
1209	2 
1210	8 
1211	14 
1212	11 
1213	7 
1214	14 
1215	2 
1216	16 
1217	5 
1218	24 
1219	11 
1220	25 
1221	13 
1222	19 
1223	14 
1224	3 
1225	26 
1226	12 
1227	17 
1228	8 
1229	15 
1230	5 
1231	12 
1232	8 
1233	8 9 14 
1234	1 
1235	18 
1236	8 
1237	6 
1238	14 
1239	21 
1240	5 
1241	12 
1242	5 
1243	11 13 21 
1244	16 
1245	14 
1246	21 
1247	17 
1248	19 
1249	1 9 13 
1250	3 
1251	17 
1252	26 
1253	27 
1254	18 19 26 
1255	7 
1256	14 
1257	15 
1258	11 
1259	23 
1260	13 
1261	14 
1262	13 
1263	18 
1264	19 
1265	22 
1266	6 
1267	9 
1268	1 
1269	10 
1270	13 
1271	10 
1272	24 
1273	18 
1274	21 
1275	16 
1276	11 
1277	6 
1278	21 
1279	20 
1280	3 
1281	3 
1282	5 
1283	17 
1284	3 22 27 
1285	19 
1286	21 
1287	15 
1288	24 
1289	13 
1290	16 
1291	15 
1292	21 
1293	2 
1294	21 
1295	14 15 23 
1296	16 
1297	15 
1298	4 16 17 
1299	5 
1300	10 16 20 
1301	17 
1302	13 18 20 
1303	13 
1304	2 
1305	16 
1306	6 
1307	2 3 21 
1308	21 
1309	13 
1310	7 
1311	19 
1312	17 
1313	24 
1314	21 
1315	17 
1316	15 
1317	21 
1318	13 
1319	3 
1320	11 
1321	15 
1322	19 
1323	10 21 25 
1324	14 
1325	4 8 22 
1326	14 
1327	10 
1328	7 
1329	7 
1330	2 
1331	19 
1332	8 
1333	5 
1334	15 
1335	11 
1336	17 
1337	9 
1338	3 14 27 
1339	23 
1340	4 
1341	23 
1342	15 
1343	8 
1344	11 15 16 
1345	16 
1346	11 
1347	19 
1348	3 13 27 
1349	21 
1350	5 
1351	2 
1352	19 
1353	18 
1354	9 
1355	15 
1356	6 
1357	11 17 21 
1358	9 
1359	25 
1360	17 
1361	9 
1362	16 
1363	12 
1364	21 
1365	4 
1366	2 
1367	19 
1368	20 
1369	19 
1370	22 
1371	13 
1372	15 
1373	10 
1374	19 
1375	22 
1376	9 19 21 
1377	16 
1378	3 
1379	19 
1380	17 
1381	5 
1382	12 
1383	27 
1384	25 
1385	27 
1386	2 
1387	7 16 19 
1388	13 
1389	5 
1390	11 
1391	19 
1392	14 
1393	12 
1394	10 
1395	26 
1396	5 
1397	27 
1398	21 
1399	7 
1400	1 
1401	19 
1402	2 
1403	19 
1404	8 
1405	13 
1406	3 
1407	5 11 12 
1408	19 
1409	2 
1410	21 
1411	16 
1412	17 
1413	16 
1414	7 
1415	17 
1416	13 
1417	16 
1418	21 
1419	21 
1420	18 
1421	5 
1422	2 
1423	18 
1424	27 
1425	4 9 14 
1426	5 
1427	2 16 24 
1428	5 
1429	13 
1430	8 9 15 
1431	14 
1432	4 
1433	18 
1434	2 
1435	15 
1436	19 
1437	2 
1438	19 
1439	11 
1440	17 
1441	22 
1442	25 
1443	6 
1444	3 14 26 
1445	15 
1446	20 
1447	19 
1448	19 
1449	13 
1450	8 
1451	22 
1452	15 
1453	13 
1454	1 
1455	1 16 21 
1456	11 
1457	15 
1458	17 
1459	10 
1460	11 
1461	16 
1462	17 
1463	13 
1464	21 
1465	20 
1466	21 
1467	21 
1468	4 6 24 
1469	18 
1470	18 
1471	10 
1472	13 
1473	23 
1474	2 
1475	20 
1476	14 
1477	20 
1478	17 
1479	13 
1480	11 
1481	3 
1482	3 
1483	21 
1484	13 22 23 
1485	15 
1486	14 
1487	7 
1488	16 
1489	16 
1490	19 
1491	11 
1492	21 
1493	21 
1494	14 
1495	25 
1496	19 
1497	10 
1498	14 
1499	26 
1500	6 15 16 
1501	15 
1502	11 
1503	19 
1504	15 
1505	5 
1506	22 
1507	15 
1508	3 
1509	17 
1510	13 
1511	16 
1512	2 
1513	8 
1514	27 
1515	7 
1516	2 
1517	21 
1518	13 
1519	24 
1520	19 
1521	19 
1522	19 
1523	14 
1524	16 
1525	15 
1526	21 
1527	6 
1528	1 
1529	5 
1530	6 
1531	17 
1532	19 
1533	23 
1534	11 
1535	14 
1536	17 
1537	13 
1538	9 
1539	14 
1540	2 
1541	10 
1542	11 
1543	23 
1544	15 
1545	11 
1546	11 
1547	14 
1548	16 
1549	1 
1550	13 
1551	2 
1552	3 7 21 
1553	11 
1554	27 
1555	21 
1556	21 
1557	17 
1558	15 
1559	13 
1560	1 
1561	19 
1562	16 
1563	21 
1564	11 
1565	18 
1566	21 
1567	14 
1568	3 
1569	13 
1570	8 
1571	11 
1572	10 
1573	11 
1574	19 
1575	17 
1576	21 
1577	13 
1578	18 
1579	19 
1580	16 
1581	19 21 25 
1582	5 
1583	21 
1584	21 
1585	13 
1586	5 
1587	13 21 27 
1588	5 
1589	21 
1590	26 
1591	24 
1592	11 
1593	4 
1594	18 
1595	16 
1596	16 
1597	16 
1598	9 
1599	8 
1600	13 
1601	7 
1602	15 
1603	17 
1604	5 
1605	16 
1606	13 
1607	7 
1608	7 13 15 
1609	13 
1610	15 
1611	14 
1612	3 
1613	9 
1614	5 
1615	5 20 22 
1616	17 
1617	22 
1618	9 
1619	20 
1620	6 
1621	15 
1622	9 
1623	14 
1624	22 
1625	15 
1626	13 
1627	7 21 22 
1628	16 
1629	13 
1630	26 
1631	9 
1632	27 
1633	5 
1634	5 
1635	23 
1636	15 
1637	13 
1638	3 
1639	5 
1640	21 
1641	17 
1642	9 
1643	11 
1644	7 
1645	21 
1646	15 
1647	14 
1648	3 
1649	14 15 25 
1650	5 6 15 
1651	14 
1652	9 
1653	26 
1654	1 
1655	8 
1656	4 5 21 
1657	7 
1658	2 
1659	8 
1660	13 21 25 
1661	14 
1662	25 
1663	15 
1664	18 
1665	23 
1666	1 
1667	19 
1668	3 
1669	21 
1670	17 
1671	1 5 19 
1672	7 
1673	19 
1674	8 
1675	6 
1676	17 
1677	11 14 23 
1678	6 
1679	5 
1680	4 12 17 
1681	27 
1682	1 5 14 
1683	19 
1684	10 
1685	3 
1686	16 
1687	26 
1688	18 
1689	17 
1690	1 18 21 
1691	13 
1692	23 
1693	6 
1694	8 
1695	9 
1696	15 
1697	2 
1698	17 
1699	21 
1700	7 
1701	13 
1702	14 
1703	4 14 19 
1704	25 
1705	4 
1706	14 17 26 
1707	3 
1708	9 
1709	4 7 16 
1710	22 
1711	11 16 19 
1712	26 
1713	22 
1714	21 
1715	3 
1716	16 
1717	19 
1718	19 
1719	3 
1720	13 
1721	5 17 21 
1722	4 
1723	19 
1724	7 
1725	4 
1726	24 
1727	19 
1728	15 
1729	7 8 10 
1730	15 
1731	11 15 21 
1732	7 
1733	8 
1734	11 
1735	13 19 23 
1736	14 
1737	9 
1738	17 
1739	13 
1740	3 
1741	8 
1742	8 14 15 
1743	15 
1744	12 
1745	13 
1746	3 
1747	23 
1748	21 
1749	23 
1750	21 
1751	8 
1752	9 
1753	19 
1754	21 
1755	6 
1756	11 
1757	27 
1758	21 
1759	1 
1760	24 
1761	5 
1762	12 
1763	19 
1764	3 
1765	8 
1766	21 
1767	13 
1768	19 
1769	27 
1770	13 
1771	15 
1772	21 
1773	17 
1774	7 
1775	14 
1776	19 
1777	16 
1778	19 
1779	13 
1780	26 
1781	1 
1782	3 
1783	15 
1784	5 
1785	18 
1786	2 4 23 
1787	13 
1788	4 
1789	15 
1790	14 
1791	13 
1792	3 
1793	12 
1794	5 
1795	2 
1796	12 
1797	24 
1798	17 
1799	13 
1800	19 
1801	7 
1802	3 
1803	13 
1804	27 
1805	21 
1806	2 
1807	21 
1808	15 16 22 
1809	10 
1810	27 
1811	8 
1812	15 
1813	21 
1814	2 
1815	9 
1816	9 
1817	5 
1818	2 
1819	19 
1820	3 
1821	21 
1822	17 
1823	8 
1824	13 
1825	15 
1826	22 
1827	11 
1828	11 
1829	1 14 19 
1830	21 
1831	3 
1832	17 
1833	21 
1834	12 
1835	23 
1836	7 
1837	12 
1838	27 
1839	15 
1840	5 
1841	16 
1842	14 
1843	3 12 22 
1844	15 
1845	16 
1846	13 
1847	7 
1848	24 
1849	15 
1850	5 
1851	9 10 11 
1852	3 
1853	25 
1854	1 15 16 
1855	27 
1856	7 16 21 
1857	23 
1858	15 
1859	5 
1860	3 
1861	4 
1862	14 
1863	6 
1864	8 19 21 
1865	15 
1866	7 
1867	5 
1868	27 
1869	5 
1870	14 23 25 
1871	11 16 20 
1872	16 
1873	11 
1874	9 
1875	16 
1876	13 
1877	2 3 7 
1878	21 
1879	10 
1880	14 
1881	17 
1882	5 
1883	15 
1884	25 
1885	5 
1886	7 
1887	16 
1888	6 
1889	5 
1890	4 
1891	10 
1892	14 
1893	3 
1894	5 8 19 
1895	17 
1896	11 
1897	14 
1898	15 
1899	22 
1900	15 
1901	13 
1902	14 
1903	15 
1904	21 
1905	17 
1906	25 
1907	7 
1908	15 
1909	18 
1910	8 
1911	10 
1912	11 
1913	27 
1914	8 
1915	2 
1916	13 14 21 
1917	18 
1918	19 
1919	7 
1920	1 
1921	11 
1922	18 
1923	8 
1924	16 
1925	9 
1926	10 
1927	1 
1928	24 
1929	11 
1930	23 
1931	22 
1932	17 
1933	11 
1934	12 
1935	21 
1936	25 
1937	14 
1938	16 
1939	15 
1940	21 
1941	21 
1942	10 
1943	11 
1944	1 
1945	15 
1946	18 
1947	6 
1948	1 17 23 
1949	24 
1950	14 
1951	19 
1952	11 
1953	13 
1954	8 
1955	18 
1956	9 
1957	6 
1958	3 
1959	4 
1960	19 
1961	17 
1962	6 
1963	16 
1964	15 18 20 
1965	23 
1966	22 
1967	8 
1968	21 
1969	6 
1970	6 
1971	11 15 22 
1972	13 
1973	2 
1974	23 
1975	21 
1976	17 
1977	6 
1978	19 
1979	12 18 21 
1980	19 
1981	21 
1982	17 
1983	6 
1984	18 
1985	27 
1986	12 
1987	16 
1988	2 11 14 
1989	19 
1990	3 
1991	8 19 26 
1992	22 
1993	2 16 25 
1994	2 
1995	12 
1996	14 15 21 
1997	22 
1998	21 
1999	1 
2000	13 
2001	19 
2002	2 
2003	3 
2004	8 13 24 
2005	15 
2006	12 
2007	3 
2008	16 
2009	1 5 16 
2010	12 
2011	18 
2012	17 
2013	13 17 19 
2014	3 
2015	5 
2016	16 
2017	21 
2018	21 
2019	13 
2020	21 
2021	27 
2022	6 
2023	8 
2024	1 
2025	6 
2026	13 
2027	2 
2028	7 15 24 
2029	5 
2030	17 
2031	8 
2032	13 
2033	15 
2034	2 
2035	2 
2036	19 
2037	4 12 27 
2038	15 
2039	23 
2040	11 
2041	21 
2042	7 
2043	5 
2044	14 
2045	2 
2046	21 
2047	19 
2048	1 
2049	16 
2050	15 
2051	15 
2052	24 
2053	15 
2054	1 
2055	4 17 19 
2056	18 
2057	7 
2058	19 
2059	17 
2060	18 
2061	15 20 23 
2062	2 16 19 
2063	22 
2064	19 
2065	2 16 18 
2066	23 
2067	15 
2068	15 
2069	11 
2070	13 
2071	15 
2072	1 
2073	26 
2074	2 
2075	13 
2076	6 15 21 
2077	15 
2078	2 
2079	7 
2080	2 
2081	14 
2082	26 
2083	9 
2084	25 
2085	5 
2086	9 
2087	2 18 20 
2088	17 
2089	11 
2090	25 
2091	13 18 21 
2092	4 
2093	14 
2094	22 
2095	21 
2096	9 
2097	12 
2098	19 
2099	2 
2100	6 
2101	16 
2102	1 
2103	8 14 19 
2104	10 
2105	11 
2106	2 
2107	26 
2108	15 
2109	14 
2110	24 
2111	9 
2112	15 
2113	6 
2114	16 
2115	3 5 16 
2116	23 
2117	19 
2118	2 
2119	2 11 14 
2120	9 
2121	6 17 19 
2122	1 
2123	7 
2124	1 
2125	6 
2126	13 
2127	4 
2128	16 
2129	11 
2130	19 
2131	18 
2132	9 
2133	8 
2134	20 
2135	4 
2136	24 
2137	15 
2138	14 
2139	23 
2140	16 
2141	5 
2142	14 
2143	14 
2144	15 
2145	4 21 24 
2146	17 
2147	11 
2148	15 
2149	4 9 17 
2150	6 12 24 
2151	2 
2152	13 17 27 
2153	12 15 19 
2154	21 
2155	9 
2156	15 
2157	17 
2158	24 
2159	15 
2160	15 
2161	19 
2162	20 
2163	20 
2164	19 
2165	15 
2166	21 
2167	13 
2168	21 
2169	10 
2170	1 
2171	6 
2172	3 
2173	14 
2174	8 
2175	15 
2176	9 
2177	12 
2178	17 
2179	14 
2180	5 18 24 
2181	18 
2182	18 
2183	14 
2184	6 
2185	13 
2186	21 
2187	13 
2188	6 
2189	5 
2190	26 
2191	10 16 21 
2192	23 
2193	16 
2194	22 
2195	6 19 26 
2196	26 
2197	1 
2198	17 
2199	2 
2200	5 17 18 
2201	18 
2202	11 
2203	2 
2204	16 
2205	16 
2206	9 
2207	16 
2208	4 
2209	16 
2210	8 12 21 
2211	16 
2212	25 
2213	7 
2214	2 
2215	6 
2216	6 
2217	3 
2218	6 
2219	12 
2220	11 
2221	14 
2222	18 
2223	19 
2224	20 
2225	17 
2226	19 
2227	11 
2228	17 
2229	6 
2230	24 
2231	8 
2232	8 
2233	5 
2234	5 
2235	2 15 19 
2236	26 
2237	8 14 21 
2238	1 
2239	17 
2240	8 
2241	16 
2242	5 
2243	21 
2244	9 
2245	12 
2246	11 
2247	5 
2248	2 
2249	21 
2250	4 5 11 
2251	9 15 18 
2252	27 
2253	10 
2254	15 
2255	24 
2256	5 
2257	16 
2258	5 
2259	5 
2260	18 
2261	13 
2262	18 
2263	7 
2264	19 
2265	17 
2266	5 
2267	19 
2268	13 23 27 
2269	26 
2270	15 
2271	9 
2272	15 
2273	15 
2274	15 
2275	13 
2276	21 
2277	21 
2278	21 
2279	14 
2280	20 21 27 
2281	16 
2282	3 
2283	5 8 17 
2284	15 
2285	12 
2286	6 
2287	2 
2288	19 
2289	22 
2290	8 16 24 
2291	24 
2292	10 
2293	18 
2294	21 
2295	8 
2296	18 
2297	23 
2298	26 
2299	4 11 13 
2300	9 
2301	25 
2302	10 20 22 
2303	12 
2304	8 
2305	16 
2306	21 
2307	11 
2308	21 
2309	21 
2310	27 
2311	15 
2312	15 
2313	8 
2314	5 
2315	19 
2316	5 
2317	3 
2318	23 
2319	24 
2320	4 
2321	20 
2322	11 15 17 
2323	7 
2324	19 
2325	22 
2326	12 
2327	14 
2328	10 
2329	11 
2330	14 
2331	13 21 24 
2332	19 
2333	7 
2334	17 
2335	25 
2336	19 
2337	23 
2338	5 
2339	21 
2340	14 
2341	25 
2342	15 
2343	22 
2344	8 
2345	15 
2346	21 
2347	5 
2348	23 
2349	21 
2350	23 
2351	12 
2352	9 
2353	26 
2354	25 
2355	11 
2356	18 
2357	16 
2358	9 
2359	22 
2360	22 
2361	24 
2362	9 
2363	15 
2364	23 
2365	21 
2366	9 
2367	14 
2368	8 
2369	2 13 26 
2370	18 
2371	2 13 14 
2372	13 
2373	15 
2374	8 
2375	21 
2376	13 
2377	6 
2378	14 
2379	6 
2380	17 
2381	19 
2382	16 
2383	16 
2384	13 
2385	9 
2386	1 
2387	11 
2388	5 
2389	15 
2390	7 
2391	24 
2392	11 
2393	19 
2394	20 
2395	17 
2396	21 
2397	14 
2398	21 
2399	20 
2400	25 
2401	4 
2402	14 
2403	5 
2404	9 
2405	26 
2406	19 
2407	1 
2408	19 
2409	23 
2410	7 
2411	10 
2412	18 
2413	21 
2414	15 
2415	15 
2416	4 14 15 
2417	21 
2418	19 
2419	6 
2420	23 
2421	8 
2422	4 
2423	4 
2424	27 
2425	13 
2426	13 
2427	15 
2428	3 
2429	13 
2430	19 
2431	17 
2432	17 
2433	8 
2434	17 
2435	7 
2436	22 
2437	3 6 15 
2438	4 18 19 
2439	13 
2440	17 
2441	12 
2442	14 
2443	2 
2444	15 
2445	18 
2446	8 9 19 
2447	17 
2448	22 
2449	15 
2450	4 
2451	21 
2452	14 
2453	7 
2454	17 
2455	15 
2456	15 
2457	10 18 22 
2458	19 
2459	14 
2460	17 
2461	11 
2462	18 
2463	21 
2464	17 
2465	25 
2466	1 
2467	1 
2468	7 
2469	17 
2470	22 
2471	5 
2472	14 
2473	17 
2474	2 
2475	2 
2476	2 
2477	9 
2478	13 
2479	21 
2480	25 
2481	2 
2482	1 
2483	21 
2484	6 
2485	15 
2486	15 
2487	12 
2488	1 
2489	21 
2490	16 
2491	24 
2492	15 
2493	3 
2494	1 16 21 
2495	5 
2496	13 
2497	5 
2498	9 
2499	11 
2500	7 16 21 
2501	8 
2502	15 
2503	7 
2504	15 17 18 
2505	15 
2506	12 
2507	14 
2508	19 
2509	2 
2510	14 
2511	21 
2512	9 15 19 
2513	3 
2514	13 
2515	5 
2516	15 
2517	16 
2518	3 
2519	2 15 18 
2520	5 
2521	9 
2522	14 
2523	19 
2524	19 
2525	11 
2526	10 
2527	15 
2528	3 
2529	21 
2530	16 
2531	15 
2532	13 
2533	21 
2534	14 
2535	11 
2536	4 
2537	27 
2538	14 
2539	1 
2540	21 
2541	23 
2542	16 
2543	18 
2544	19 
2545	15 
2546	17 
2547	5 15 24 
2548	15 
2549	6 
2550	5 
2551	16 
2552	4 
2553	21 
2554	2 
2555	11 
2556	14 
2557	26 
2558	21 
2559	8 
2560	17 
2561	2 
2562	25 
2563	17 
2564	25 
2565	17 19 21 
2566	21 
2567	6 
2568	23 
2569	14 
2570	11 
2571	15 
2572	13 
2573	13 
2574	14 
2575	21 
2576	13 15 20 
2577	13 
2578	2 
2579	14 
2580	17 19 26 
2581	15 
2582	26 
2583	7 
2584	13 
2585	20 
2586	18 
2587	2 
2588	2 
2589	11 
2590	1 
2591	21 
2592	23 
2593	12 
2594	17 
2595	5 16 21 
2596	15 
2597	21 
2598	6 19 25 
2599	7 
2600	5 
2601	18 
2602	15 
2603	13 
2604	6 
2605	2 
2606	11 
2607	14 
2608	2 
2609	13 
2610	5 
2611	23 
2612	15 
2613	16 
2614	5 
2615	13 16 21 
2616	8 16 20 
2617	9 
2618	14 
2619	23 
2620	27 
2621	14 
2622	19 20 25 
2623	21 
2624	6 
2625	25 
2626	19 
2627	10 
2628	6 
2629	18 
2630	9 16 21 
2631	8 
2632	6 
2633	7 
2634	14 
2635	6 
2636	20 
2637	8 
2638	19 
2639	15 16 26 
2640	1 
2641	21 
2642	10 
2643	19 
2644	18 
2645	19 
2646	10 
2647	13 
2648	21 
2649	16 
2650	17 
2651	17 
2652	22 
2653	2 
2654	15 
2655	18 
2656	7 
2657	27 
2658	10 
2659	6 13 19 
2660	21 
2661	2 
2662	7 17 21 
2663	19 
2664	2 
2665	8 
2666	1 
2667	12 
2668	15 
2669	25 
2670	5 
2671	6 
2672	2 11 23 
2673	6 
2674	3 
2675	8 
2676	15 
2677	27 
2678	18 
2679	5 
2680	10 
2681	14 
2682	17 
2683	5 6 12 
2684	19 
2685	18 
2686	18 
2687	5 
2688	9 
2689	9 
2690	14 
2691	22 
2692	16 
2693	22 
2694	12 15 18 
2695	21 
2696	27 
2697	5 
2698	19 
2699	11 
2700	16 
2701	1 
2702	17 
2703	21 
2704	25 
2705	9 
2706	21 
2707	4 
2708	26 
2709	18 
2710	2 
2711	14 
2712	5 
2713	8 
2714	19 
2715	15 
2716	25 
2717	11 
2718	6 
2719	14 
2720	19 
2721	14 
2722	14 
2723	4 8 20 
2724	9 
2725	23 
2726	13 15 21 
2727	8 17 18 
2728	14 
2729	6 
2730	16 
2731	17 
2732	7 
2733	18 
2734	2 16 21 
2735	9 
2736	19 
2737	27 
2738	17 19 20 
2739	15 
2740	11 
2741	6 
2742	13 
2743	20 
2744	14 
2745	19 
2746	13 
2747	27 
2748	3 
2749	4 13 22 
2750	13 
2751	13 
2752	20 
2753	15 
2754	13 
2755	7 
2756	21 
2757	3 
2758	5 
2759	23 
2760	11 
2761	17 21 23 
2762	17 
2763	5 
2764	7 
2765	5 11 14 
2766	19 
2767	15 
2768	14 
2769	15 
2770	17 
2771	7 15 19 
2772	3 
2773	14 
2774	18 
2775	5 13 19 
2776	19 
2777	16 
2778	21 
2779	19 
2780	13 
2781	2 
2782	17 
2783	15 
2784	4 9 21 
2785	4 5 19 
2786	7 
2787	18 
2788	10 
2789	8 
2790	23 
2791	3 
2792	15 
2793	24 
2794	15 
2795	17 
2796	9 
2797	17 
2798	17 
2799	1 
2800	13 
2801	5 
2802	18 
2803	5 
2804	13 
2805	23 
2806	26 
2807	27 
2808	11 
2809	2 
2810	10 
2811	5 9 21 
2812	3 
2813	1 
2814	20 
2815	19 
2816	16 
2817	18 
2818	4 
2819	14 
2820	18 
2821	16 
2822	21 
2823	15 
2824	11 
2825	16 
2826	9 
2827	21 
2828	20 
2829	9 
2830	20 
2831	2 
2832	16 
2833	1 13 22 
2834	9 
2835	19 
2836	23 
2837	18 
2838	14 
2839	17 
2840	7 21 26 
2841	5 
2842	15 
2843	19 
2844	24 
2845	2 7 24 
2846	1 
2847	7 
2848	15 
2849	14 
2850	5 6 23 
2851	2 
2852	18 
2853	23 
2854	22 
2855	26 
2856	21 
2857	17 20 23 
2858	10 
2859	15 
2860	12 
2861	15 
2862	15 20 21 
2863	17 
2864	7 
2865	15 
2866	6 
2867	5 
2868	20 
2869	13 14 15 
2870	16 
2871	16 
2872	27 
2873	2 17 20 
2874	18 
2875	17 
2876	21 
2877	23 
2878	7 
2879	14 
2880	3 
2881	2 
2882	14 
2883	23 
2884	17 
2885	15 18 23 
2886	16 
2887	27 
2888	16 
2889	11 16 20 
2890	1 15 16 
2891	19 
2892	26 
2893	7 10 15 
2894	14 
2895	15 
2896	4 
2897	15 
2898	24 
2899	15 
2900	19 
2901	9 
2902	20 
2903	19 
2904	11 26 27 
2905	13 
2906	21 
2907	9 
2908	13 
2909	7 
2910	16 
2911	6 
2912	16 
2913	5 13 17 
2914	3 5 19 
2915	11 17 21 
2916	2 
2917	15 
2918	24 
2919	2 
2920	14 
2921	7 
2922	16 
2923	19 
2924	21 
2925	21 
2926	9 15 25 
2927	5 
2928	15 
2929	11 
2930	15 
2931	19 
2932	6 
2933	24 
2934	7 15 21 
2935	14 
2936	5 
2937	15 
2938	3 
2939	7 
2940	17 
2941	13 
2942	17 
2943	7 8 17 
2944	5 
2945	16 
2946	10 
2947	17 
2948	13 
2949	12 13 17 
2950	17 
2951	6 
2952	21 
2953	25 
2954	14 
2955	2 
2956	18 
2957	16 
2958	14 
2959	13 
2960	9 17 21 
2961	5 
2962	21 
2963	17 
2964	6 8 17 
2965	2 
2966	12 
2967	7 
2968	17 
2969	15 
2970	22 
2971	14 
2972	21 
2973	10 
2974	6 15 21 
2975	17 
2976	13 
2977	21 
2978	17 
2979	11 
2980	18 
2981	21 
2982	3 13 15 
2983	15 
2984	3 
2985	21 
2986	24 
2987	24 
2988	6 
2989	17 
2990	4 
2991	1 
2992	26 
2993	10 
2994	3 
2995	1 
2996	14 
2997	21 
2998	5 
2999	2 
3000	10 11 14 
3001	12 
3002	11 13 21 
3003	19 
3004	11 19 21 
3005	19 
3006	15 21 25 
3007	16 
3008	21 
3009	21 
3010	13 
3011	15 
3012	12 
3013	5 
3014	6 
3015	1 
3016	4 
3017	21 
3018	22 
3019	18 
3020	14 
3021	4 
3022	10 
3023	19 
3024	10 
3025	5 
3026	5 
3027	3 
3028	1 
3029	15 
3030	23 
3031	17 
3032	26 
3033	2 
3034	21 
3035	27 
3036	27 
3037	14 
3038	13 
3039	11 17 23 
3040	22 
3041	17 
3042	14 
3043	2 
3044	19 
3045	7 
3046	9 
3047	22 
3048	15 
3049	23 
3050	26 
3051	3 
3052	21 
3053	4 
3054	5 
3055	22 
3056	5 
3057	15 
3058	2 
3059	20 
3060	16 
3061	21 
3062	5 
3063	17 
3064	5 6 21 
3065	23 
3066	12 
3067	16 
3068	19 
3069	14 
3070	22 
3071	10 
3072	9 
3073	4 
3074	7 
3075	6 11 15 
3076	14 
3077	19 
3078	13 
3079	6 
3080	4 11 12 
3081	13 19 21 
3082	19 
3083	11 
3084	14 
3085	13 
3086	2 
3087	14 
3088	6 
3089	15 
3090	11 
3091	21 
3092	24 
3093	3 
3094	27 
3095	17 
3096	4 
3097	2 
3098	2 
3099	12 
3100	15 
3101	5 13 17 
3102	15 
3103	6 
3104	16 
3105	19 
3106	25 
3107	26 
3108	9 
3109	16 
3110	3 
3111	21 
3112	13 
3113	20 
3114	2 
3115	6 
3116	2 
3117	10 
3118	7 
3119	14 
3120	10 
3121	13 
3122	15 
3123	15 
3124	9 
3125	21 
3126	22 
3127	17 
3128	13 
3129	21 
3130	10 
3131	13 
3132	2 
3133	21 
3134	17 
3135	17 
3136	11 
3137	21 
3138	6 
3139	15 
3140	26 
3141	25 
3142	22 
3143	14 
3144	6 
3145	16 
3146	19 
3147	11 14 22 
3148	7 
3149	9 
3150	18 
3151	12 
3152	17 
3153	6 
3154	3 
3155	8 
3156	9 
3157	8 
3158	15 
3159	2 3 13 
3160	4 
3161	25 
3162	14 
3163	2 
3164	11 
3165	8 
3166	7 
3167	1 
3168	10 
3169	27 
3170	16 
3171	15 
3172	16 17 19 
3173	11 
3174	17 
3175	3 
3176	16 
3177	7 26 27 
3178	21 
3179	1 
3180	16 
3181	13 17 26 
3182	7 
3183	27 
3184	13 
3185	27 
3186	17 
3187	7 
3188	2 
3189	23 
3190	5 7 24 
3191	18 
3192	11 
3193	22 
3194	10 
3195	11 
3196	16 
3197	13 
3198	17 
3199	2 
3200	8 
3201	18 
3202	13 
3203	19 
3204	13 
3205	11 
3206	16 
3207	17 
3208	16 
3209	17 
3210	5 
3211	5 
3212	19 
3213	5 
3214	11 
3215	16 
3216	1 
3217	8 
3218	5 16 19 
3219	22 
3220	13 
3221	15 
3222	21 
3223	2 19 21 
3224	4 
3225	13 
3226	1 
3227	16 22 25 
3228	14 
3229	21 
3230	15 
3231	14 
3232	2 13 14 
3233	1 
3234	13 
3235	6 
3236	16 
3237	13 
3238	2 14 17 
3239	6 14 21 
3240	5 15 19 
3241	10 
3242	25 
3243	19 
3244	21 
3245	6 
3246	15 17 27 
3247	12 
3248	19 
3249	2 
3250	4 
3251	2 
3252	2 
3253	8 
3254	17 
3255	1 
3256	17 
3257	5 14 27 
3258	1 
3259	26 
3260	3 6 23 
3261	7 
3262	21 
3263	14 
3264	23 
3265	4 15 26 
3266	15 
3267	15 
3268	20 
3269	19 
3270	7 
3271	4 
3272	2 
3273	15 
3274	17 
3275	5 
3276	15 
3277	10 
3278	21 
3279	15 
3280	10 
3281	11 
3282	2 
3283	9 
3284	13 
3285	2 
3286	10 
3287	10 
3288	10 
3289	1 
3290	17 
3291	20 
3292	14 
3293	17 
3294	13 
3295	21 
3296	9 15 16 
3297	18 
3298	15 
3299	16 
3300	5 
3301	19 
3302	26 
3303	14 
3304	10 
3305	15 
3306	12 
3307	16 
3308	17 
3309	15 
3310	13 
3311	11 
3312	16 
3313	17 
3314	2 3 6 
3315	6 
3316	16 
3317	18 
3318	16 
3319	20 
3320	8 
3321	16 
3322	14 15 19 
3323	15 17 20 
3324	2 
3325	4 13 19 
3326	9 
3327	23 
3328	7 
3329	13 
3330	13 
3331	14 
3332	9 
3333	23 
3334	2 
3335	7 15 19 
3336	21 
3337	26 
3338	17 
3339	27 
3340	7 
3341	17 
3342	13 
3343	5 
3344	6 
3345	9 
3346	10 
3347	21 
3348	27 
3349	9 
3350	3 
3351	17 
3352	16 19 20 
3353	6 
3354	12 
3355	13 
3356	10 
3357	15 
3358	22 
3359	18 
3360	17 
3361	19 
3362	21 
3363	21 
3364	19 
3365	1 
3366	8 
3367	19 
3368	19 
3369	15 
3370	22 
3371	18 
3372	5 15 21 
3373	7 
3374	18 
3375	6 15 17 
3376	15 
3377	9 
3378	1 
3379	13 
3380	14 
3381	6 
3382	21 
3383	16 
3384	12 
3385	15 
3386	17 
3387	21 
3388	14 
3389	3 
3390	15 
3391	2 
3392	16 
3393	15 
3394	14 
3395	17 
3396	13 
3397	22 
3398	18 
3399	3 17 24 
3400	10 
3401	8 18 22 
3402	15 
3403	17 
3404	11 
3405	15 
3406	7 19 21 
3407	11 
3408	21 
3409	15 
3410	5 
3411	3 
3412	16 
3413	26 
3414	6 
3415	2 
3416	19 
3417	11 
3418	18 
3419	5 
3420	21 
3421	14 19 23 
3422	2 21 22 
3423	19 
3424	10 
3425	16 
3426	4 
3427	9 
3428	13 
3429	8 
3430	22 
3431	2 
3432	11 
3433	15 
3434	7 
3435	13 
3436	15 
3437	9 
3438	21 
3439	3 
3440	22 
3441	17 
3442	15 
3443	15 
3444	16 
3445	19 
3446	17 
3447	19 
3448	8 
3449	3 
3450	6 
3451	5 
3452	17 
3453	11 
3454	4 
3455	10 
3456	2 6 16 
3457	4 
3458	4 12 13 
3459	17 21 27 
3460	2 
3461	14 
3462	7 
3463	14 
3464	13 
3465	6 
3466	5 
3467	13 
3468	19 
3469	5 
3470	7 
3471	7 13 27 
3472	7 
3473	12 
3474	11 
3475	4 
3476	21 
3477	18 
3478	16 
3479	8 
3480	5 19 21 
3481	7 
3482	5 6 23 
3483	2 
3484	25 
3485	5 7 11 
3486	21 
3487	1 
3488	5 14 21 
3489	13 
3490	14 
3491	3 
3492	1 
3493	19 
3494	17 
3495	21 
3496	3 8 21 
3497	15 
3498	16 
3499	17 
3500	5 
3501	10 
3502	18 
3503	6 
3504	6 
3505	4 
3506	15 
3507	10 
3508	17 
3509	21 
3510	25 
3511	20 
3512	17 
3513	18 
3514	23 
3515	16 
3516	15 
3517	16 
3518	11 
3519	8 
3520	13 
3521	6 
3522	23 
3523	13 
3524	6 14 21 
3525	17 
3526	18 
3527	21 
3528	1 20 21 
3529	13 
3530	21 
3531	13 
3532	21 
3533	21 
3534	14 
3535	15 
3536	25 
3537	16 
3538	4 
3539	21 
3540	15 
3541	9 11 18 
3542	3 
3543	16 
3544	5 
3545	5 
3546	7 
3547	19 
3548	3 
3549	5 
3550	5 
3551	20 
3552	24 
3553	16 
3554	21 
3555	20 
3556	21 
3557	1 
3558	16 
3559	1 
3560	15 
3561	1 
3562	15 
3563	8 17 21 
3564	17 20 22 
3565	11 
3566	14 
3567	17 
3568	6 
3569	2 13 15 
3570	14 
3571	13 
3572	16 
3573	24 
3574	13 
3575	11 
3576	10 
3577	21 
3578	7 13 17 
3579	15 
3580	27 
3581	5 
3582	21 
3583	19 
3584	15 
3585	16 
3586	5 14 16 
3587	14 
3588	13 
3589	17 
3590	16 
3591	2 
3592	17 
3593	5 
3594	19 
3595	21 
3596	17 
3597	16 
3598	15 
3599	23 
3600	5 
3601	13 
3602	24 
3603	17 
3604	21 
3605	4 
3606	21 
3607	22 
3608	5 22 24 
3609	5 
3610	25 
3611	6 15 18 
3612	26 
3613	3 
3614	19 
3615	24 
3616	21 
3617	1 
3618	26 
3619	12 17 23 
3620	4 8 13 
3621	27 
3622	11 
3623	16 
3624	15 16 19 
3625	17 18 25 
3626	20 
3627	21 
3628	16 
3629	20 
3630	17 
3631	19 
3632	19 
3633	3 5 25 
3634	11 13 16 
3635	21 
3636	24 
3637	3 5 11 
3638	15 
3639	11 
3640	12 15 24 
3641	17 
3642	14 
3643	11 
3644	19 
3645	3 
3646	17 
3647	4 
3648	18 
3649	18 
3650	22 
3651	17 
3652	5 
3653	3 
3654	9 
3655	18 
3656	13 19 24 
3657	18 
3658	11 
3659	21 
3660	2 
3661	5 
3662	21 
3663	15 
3664	21 
3665	19 
3666	21 
3667	13 
3668	8 
3669	14 
3670	14 
3671	12 
3672	2 
3673	1 
3674	17 
3675	14 
3676	14 
3677	8 
3678	14 
3679	4 
3680	21 
3681	8 
3682	4 
3683	21 
3684	3 
3685	15 
3686	8 
3687	26 
3688	4 
3689	19 
3690	15 
3691	17 
3692	16 
3693	14 
3694	26 
3695	21 
3696	6 
3697	19 
3698	5 
3699	13 
3700	2 
3701	9 
3702	14 
3703	19 
3704	21 
3705	26 
3706	7 
3707	21 
3708	10 
3709	5 
3710	21 
3711	18 
3712	20 
3713	7 
3714	2 16 21 
3715	25 
3716	13 
3717	23 
3718	21 
3719	3 
3720	21 
3721	20 
3722	21 
3723	14 
3724	17 
3725	11 
3726	6 
3727	7 19 21 
3728	8 
3729	16 
3730	16 
3731	19 
3732	11 
3733	14 
3734	15 
3735	17 
3736	21 
3737	12 
3738	12 
3739	19 
3740	27 
3741	20 
3742	21 
3743	22 
3744	9 
3745	3 
3746	19 
3747	21 
3748	22 
3749	21 
3750	5 
3751	10 
3752	19 
3753	6 
3754	10 
3755	11 
3756	16 
3757	11 
3758	25 
3759	7 
3760	19 
3761	7 
3762	4 
3763	17 20 21 
3764	11 
3765	15 
3766	21 
3767	21 
3768	15 
3769	17 
3770	17 
3771	25 
3772	17 18 24 
3773	14 
3774	18 
3775	26 
3776	16 
3777	4 
3778	8 
3779	14 
3780	23 
3781	25 
3782	15 
3783	19 
3784	13 15 21 
3785	6 
3786	15 
3787	15 
3788	8 
3789	4 
3790	3 
3791	2 
3792	2 
3793	13 
3794	15 21 22 
3795	5 
3796	26 
3797	13 
3798	5 
3799	20 
3800	23 
3801	21 
3802	12 17 18 
3803	17 
3804	19 
3805	15 
3806	13 
3807	13 
3808	4 
3809	18 
3810	2 13 18 
3811	5 
3812	5 
3813	14 
3814	17 
3815	12 13 16 
3816	24 
3817	15 
3818	4 
3819	6 
3820	26 
3821	10 
3822	19 
3823	1 
3824	16 
3825	18 
3826	13 
3827	14 
3828	11 
3829	12 
3830	2 19 21 
3831	9 
3832	7 
3833	10 
3834	13 
3835	8 
3836	2 
3837	16 
3838	14 
3839	24 
3840	11 18 24 
3841	15 
3842	12 
3843	4 
3844	16 
3845	19 
3846	6 
3847	2 
3848	11 
3849	16 
3850	5 
3851	5 
3852	5 
3853	19 
3854	23 
3855	13 
3856	17 
3857	5 
3858	15 
3859	7 
3860	2 8 15 
3861	13 
3862	16 
3863	13 
3864	22 
3865	5 
3866	24 
3867	8 
3868	14 
3869	4 
3870	7 
3871	16 
3872	3 
3873	19 
3874	16 
3875	17 
3876	27 
3877	18 
3878	2 
3879	13 
3880	15 
3881	19 
3882	4 
3883	11 
3884	9 
3885	22 
3886	18 
3887	13 
3888	27 
3889	6 
3890	9 
3891	7 
3892	9 
3893	2 
3894	2 15 26 
3895	19 
3896	19 
3897	17 
3898	14 
3899	17 
3900	12 
3901	13 
3902	16 
3903	14 
3904	19 
3905	15 
3906	15 
3907	27 
3908	9 
3909	26 
3910	14 
3911	16 
3912	12 
3913	21 
3914	8 
3915	23 
3916	6 
3917	16 
3918	13 
3919	6 11 18 
3920	26 
3921	7 13 21 
3922	6 14 17 
3923	13 
3924	1 
3925	10 
3926	25 
3927	15 
3928	10 
3929	21 
3930	21 
3931	17 
3932	3 
3933	6 25 26 
3934	5 
3935	12 
3936	19 
3937	5 
3938	2 
3939	11 
3940	13 
3941	15 
3942	1 
3943	8 
3944	24 
3945	17 
3946	14 
3947	14 
3948	8 
3949	1 
3950	8 13 17 
3951	8 
3952	23 
3953	21 
3954	21 
3955	10 
3956	5 
3957	19 
3958	9 
3959	18 
3960	16 17 19 
3961	13 
3962	16 
3963	5 
3964	16 
3965	2 15 27 
3966	3 14 21 
3967	21 
3968	9 
3969	1 8 21 
3970	21 
3971	11 
3972	14 
3973	11 
3974	7 
3975	21 
3976	13 
3977	16 
3978	11 
3979	1 
3980	14 
3981	7 
3982	14 
3983	25 
3984	19 
3985	25 
3986	8 
3987	13 
3988	15 16 20 
3989	23 
3990	3 4 13 
3991	7 
3992	27 
3993	19 
3994	5 
3995	2 11 15 
3996	19 
3997	11 
3998	18 
3999	3 
4000	13 
4001	21 
4002	19 
4003	8 
4004	7 
4005	15 
4006	5 
4007	7 
4008	14 
4009	19 
4010	5 
4011	10 
4012	26 
4013	2 14 24 
4014	4 16 21 
4015	1 8 19 
4016	5 
4017	20 
4018	14 
4019	1 4 22 
4020	21 
4021	14 
4022	7 
4023	24 
4024	10 
4025	23 
4026	13 14 15 
4027	8 
4028	14 19 22 
4029	15 
4030	7 
4031	13 
4032	3 
4033	15 
4034	6 21 26 
4035	26 
4036	19 
4037	3 
4038	21 
4039	10 
4040	10 
4041	13 
4042	5 
4043	12 
4044	7 13 16 
4045	9 
4046	2 
4047	11 
4048	27 
4049	17 
4050	17 
4051	5 
4052	21 
4053	14 
4054	14 
4055	13 
4056	3 
4057	21 
4058	21 
4059	6 13 25 
4060	4 
4061	3 
4062	8 
4063	24 
4064	19 
4065	13 
4066	17 
4067	19 
4068	12 
4069	12 
4070	15 
4071	15 
4072	18 
4073	9 
4074	21 
4075	17 
4076	5 
4077	15 
4078	16 
4079	5 
4080	26 
4081	7 
4082	21 
4083	15 25 26 
4084	8 
4085	15 
4086	12 
4087	21 
4088	2 
4089	5 
4090	14 
4091	15 
4092	7 
4093	27 
4094	14 15 23 
4095	20 
4096	13 
4097	5 
4098	3 
4099	15 
4100	24 
4101	11 
4102	17 
4103	3 
4104	19 
4105	6 
4106	13 
4107	14 
4108	4 
4109	2 11 16 
4110	3 13 15 
4111	16 
4112	7 
4113	2 
4114	20 
4115	14 
4116	22 
4117	5 13 15 
4118	4 
4119	13 
4120	13 
4121	12 
4122	5 
4123	22 
4124	17 
4125	5 
4126	19 
4127	11 
4128	27 
4129	16 17 18 
4130	3 
4131	11 
4132	22 
4133	16 
4134	23 
4135	2 
4136	21 
4137	15 
4138	25 
4139	7 
4140	12 
4141	13 
4142	13 
4143	6 
4144	18 
4145	21 
4146	18 
4147	21 
4148	15 
4149	7 
4150	5 
4151	19 21 22 
4152	13 
4153	17 
4154	17 
4155	22 
4156	21 
4157	16 
4158	5 14 16 
4159	13 
4160	19 
4161	14 
4162	14 
4163	3 12 20 
4164	15 
4165	15 
4166	15 
4167	21 
4168	4 
4169	5 14 18 
4170	21 
4171	19 
4172	23 
4173	17 
4174	21 
4175	5 19 22 
4176	3 
4177	8 
4178	22 
4179	13 
4180	16 
4181	7 
4182	20 
4183	10 
4184	2 7 11 
4185	21 
4186	9 14 15 
4187	17 
4188	15 
4189	17 
4190	21 
4191	16 
4192	7 
4193	19 
4194	24 
4195	6 
4196	16 
4197	1 
4198	9 16 23 
4199	19 
4200	4 
4201	18 
4202	13 
4203	21 
4204	19 
4205	7 
4206	20 
4207	7 
4208	26 
4209	14 
4210	8 
4211	20 
4212	16 
4213	18 
4214	14 17 24 
4215	10 
4216	15 
4217	14 
4218	18 
4219	17 
4220	20 
4221	18 
4222	20 
4223	16 
4224	6 11 24 
4225	2 
4226	20 
4227	17 
4228	14 
4229	14 
4230	24 
4231	15 
4232	10 
4233	20 
4234	5 
4235	21 
4236	8 18 21 
4237	14 
4238	11 
4239	6 
4240	15 
4241	21 
4242	16 
4243	15 
4244	5 
4245	13 
4246	13 
4247	6 
4248	7 22 26 
4249	18 
4250	10 
4251	2 7 27 
4252	21 
4253	18 
4254	15 
4255	14 
4256	16 
4257	21 
4258	10 
4259	4 
4260	22 
4261	13 
4262	6 15 17 
4263	4 
4264	6 
4265	17 
4266	19 
4267	26 
4268	9 
4269	10 
4270	15 
4271	26 
4272	1 
4273	11 
4274	13 
4275	21 
4276	24 
4277	15 
4278	23 
4279	6 
4280	3 
4281	15 
4282	6 
4283	1 11 13 
4284	12 
4285	21 
4286	15 24 26 
4287	17 
4288	23 
4289	26 
4290	15 
4291	7 18 19 
4292	19 
4293	16 
4294	21 
4295	13 
4296	3 
4297	9 
4298	3 
4299	13 
4300	15 
4301	19 
4302	11 
4303	7 13 22 
4304	14 
4305	23 
4306	18 
4307	9 
4308	15 
4309	1 23 26 
4310	6 
4311	5 
4312	15 
4313	11 
4314	15 
4315	5 13 20 
4316	9 
4317	17 
4318	26 
4319	5 
4320	7 
4321	15 
4322	8 
4323	17 
4324	24 
4325	26 
4326	14 
4327	6 
4328	5 
4329	14 
4330	19 
4331	12 
4332	16 
4333	21 
4334	16 
4335	21 
4336	8 
4337	26 
4338	14 
4339	5 
4340	3 
4341	18 
4342	6 
4343	23 
4344	7 
4345	3 
4346	19 
4347	2 18 23 
4348	13 
4349	1 10 13 
4350	21 
4351	15 
4352	17 
4353	20 
4354	16 
4355	5 
4356	3 
4357	2 10 14 
4358	17 
4359	26 
4360	2 15 17 
4361	3 
4362	7 
4363	7 
4364	13 
4365	25 
4366	17 
4367	18 
4368	16 
4369	6 
4370	22 
4371	21 
4372	17 
4373	7 
4374	8 
4375	13 16 21 
4376	11 
4377	19 
4378	17 
4379	17 
4380	11 
4381	3 
4382	19 
4383	7 
4384	14 
4385	16 
4386	17 
4387	25 
4388	14 
4389	10 
4390	17 
4391	13 
4392	15 
4393	11 
4394	6 9 21 
4395	13 
4396	1 
4397	17 
4398	15 
4399	21 
4400	17 
4401	21 
4402	21 
4403	5 
4404	5 
4405	9 
4406	10 
4407	17 
4408	7 
4409	9 
4410	13 
4411	14 
4412	6 
4413	13 
4414	26 
4415	15 
4416	22 
4417	16 
4418	19 
4419	25 
4420	12 
4421	20 
4422	14 
4423	7 15 24 
4424	12 
4425	27 
4426	2 
4427	17 
4428	21 
4429	26 
4430	4 9 19 
4431	21 
4432	11 
4433	5 
4434	4 8 18 
4435	4 13 25 
4436	8 
4437	15 
4438	2 
4439	13 
4440	3 15 20 
4441	15 
4442	8 14 26 
4443	21 
4444	4 
4445	24 
4446	9 
4447	16 
4448	19 
4449	19 
4450	14 
4451	4 
4452	11 13 24 
4453	19 
4454	16 
4455	23 
4456	14 
4457	4 17 22 
4458	2 
4459	23 
4460	7 
4461	8 
4462	8 17 21 
4463	17 
4464	7 
4465	15 
4466	19 
4467	21 
4468	15 
4469	11 
4470	13 18 23 
4471	11 15 19 
4472	9 
4473	18 
4474	2 5 17 
4475	8 
4476	26 
4477	6 15 21 
4478	6 15 27 
4479	16 
4480	15 
4481	21 
4482	5 
4483	21 
4484	14 
4485	8 
4486	7 18 21 
4487	16 
4488	8 
4489	4 
4490	9 
4491	20 
4492	10 
4493	21 
4494	8 
4495	6 
4496	13 
4497	19 
4498	3 
4499	19 
4500	15 
4501	12 
4502	5 
4503	12 
4504	15 
4505	21 
4506	16 
4507	21 
4508	12 
4509	27 
4510	13 
4511	13 
4512	11 
4513	5 
4514	10 
4515	3 
4516	17 
4517	7 
4518	1 
4519	17 
4520	7 
4521	1 
4522	17 
4523	17 
4524	18 19 23 
4525	21 
4526	5 
4527	2 
4528	9 
4529	13 
4530	1 9 14 
4531	13 
4532	16 
4533	5 
4534	4 
4535	15 
4536	5 
4537	3 6 16 
4538	5 
4539	25 
4540	2 
4541	3 
4542	8 
4543	4 
4544	2 
4545	4 5 15 
4546	5 
4547	20 
4548	21 
4549	27 
4550	13 
4551	15 
4552	8 
4553	8 
4554	21 
4555	1 
4556	24 
4557	17 
4558	21 
4559	2 17 25 
4560	16 
4561	18 
4562	3 
4563	14 
4564	8 
4565	6 
4566	21 
4567	5 
4568	14 
4569	23 
4570	14 
4571	19 
4572	5 
4573	13 
4574	5 
4575	21 
4576	3 19 20 
4577	5 
4578	18 
4579	27 
4580	17 
4581	13 
4582	11 
4583	21 
4584	8 
4585	14 
4586	1 15 26 
4587	27 
4588	21 
4589	8 
4590	14 
4591	21 
4592	4 
4593	7 
4594	3 
4595	6 
4596	8 
4597	15 
4598	7 
4599	7 
4600	9 
4601	16 
4602	24 
4603	14 
4604	9 14 15 
4605	19 
4606	15 
4607	7 
4608	15 
4609	18 
4610	16 
4611	21 
4612	5 
4613	14 18 26 
4614	24 
4615	24 
4616	19 
4617	19 
4618	19 
4619	18 
4620	18 
4621	6 
4622	13 
4623	1 
4624	21 
4625	18 
4626	12 19 27 
4627	8 
4628	7 20 23 
4629	6 
4630	11 
4631	9 
4632	17 
4633	19 
4634	1 13 16 
4635	26 
4636	27 
4637	5 
4638	17 
4639	19 
4640	3 
4641	13 
4642	6 
4643	26 
4644	10 
4645	21 
4646	21 
4647	8 
4648	17 
4649	15 
4650	12 
4651	20 
4652	24 
4653	2 
4654	13 
4655	10 
4656	27 
4657	19 
4658	19 
4659	22 
4660	5 
4661	16 
4662	19 
4663	11 
4664	26 
4665	16 
4666	14 
4667	15 
4668	16 
4669	15 
4670	21 
4671	15 
4672	14 
4673	2 
4674	15 
4675	15 
4676	15 
4677	19 
4678	9 
4679	13 
4680	6 
4681	9 
4682	22 
4683	13 14 18 
4684	4 
4685	15 
4686	13 
4687	15 
4688	27 
4689	11 
4690	21 
4691	25 
4692	23 
4693	17 
4694	1 7 15 
4695	18 
4696	17 
4697	9 
4698	16 
4699	25 
4700	11 
4701	16 
4702	23 
4703	5 
4704	13 
4705	9 
4706	26 
4707	12 
4708	15 
4709	12 
4710	11 
4711	21 
4712	18 
4713	21 
4714	5 
4715	26 
4716	5 
4717	14 
4718	19 
4719	7 
4720	25 
4721	7 
4722	4 
4723	17 
4724	17 
4725	15 
4726	10 
4727	4 
4728	11 
4729	15 
4730	8 
4731	17 
4732	5 
4733	13 
4734	7 
4735	19 
4736	21 
4737	21 
4738	21 
4739	19 
4740	18 
4741	10 
4742	17 
4743	10 
4744	5 
4745	20 
4746	13 
4747	6 
4748	18 
4749	7 
4750	11 
4751	14 
4752	21 
4753	13 
4754	21 
4755	17 
4756	9 
4757	2 
4758	19 
4759	8 
4760	16 
4761	15 
4762	6 
4763	5 
4764	11 
4765	3 
4766	11 
4767	3 
4768	20 
4769	10 
4770	27 
4771	2 7 11 
4772	18 
4773	5 7 25 
4774	26 
4775	5 
4776	21 
4777	23 
4778	14 
4779	6 
4780	21 
4781	4 
4782	21 
4783	8 
4784	21 
4785	7 
4786	23 
4787	14 
4788	7 
4789	8 
4790	13 
4791	27 
4792	16 
4793	12 
4794	14 
4795	14 
4796	13 
4797	7 
4798	24 
4799	4 
4800	19 
4801	21 
4802	21 
4803	14 
4804	6 
4805	15 
4806	15 
4807	7 
4808	21 
4809	15 
4810	4 
4811	17 
4812	19 
4813	15 
4814	13 
4815	14 18 22 
4816	24 
4817	22 
4818	2 
4819	24 
4820	13 
4821	11 
4822	15 
4823	8 
4824	14 
4825	1 
4826	15 
4827	4 
4828	25 
4829	6 
4830	15 
4831	21 
4832	11 
4833	17 19 22 
4834	16 
4835	17 
4836	13 
4837	12 
4838	23 
4839	15 
4840	9 
4841	7 
4842	19 21 22 
4843	6 
4844	17 
4845	13 
4846	19 
4847	21 
4848	8 16 19 
4849	11 
4850	19 
4851	9 
4852	6 
4853	10 
4854	7 16 21 
4855	15 
4856	11 18 25 
4857	23 
4858	16 
4859	2 
4860	16 
4861	20 
4862	13 
4863	15 
4864	7 
4865	7 
4866	21 
4867	5 
4868	14 18 21 
4869	14 
4870	8 
4871	17 
4872	19 
4873	15 
4874	13 
4875	15 
4876	11 
4877	11 
4878	9 
4879	6 18 25 
4880	17 
4881	6 15 21 
4882	3 
4883	15 
4884	12 
4885	16 
4886	7 
4887	11 20 22 
4888	18 
4889	8 
4890	23 
4891	13 
4892	17 
4893	7 15 21 
4894	24 
4895	19 
4896	1 
4897	8 
4898	20 
4899	14 
4900	26 
4901	6 
4902	2 
4903	14 
4904	14 
4905	18 
4906	9 
4907	8 
4908	15 
4909	8 
4910	19 
4911	18 23 24 
4912	1 
4913	15 
4914	7 
4915	2 8 24 
4916	1 11 13 
4917	5 
4918	19 
4919	19 
4920	10 
4921	2 
4922	16 
4923	27 
4924	16 
4925	7 
4926	2 
4927	14 
4928	18 
4929	7 13 15 
4930	19 
4931	9 
4932	25 
4933	21 
4934	19 
4935	21 
4936	7 
4937	7 15 18 
4938	17 
4939	11 13 21 
4940	22 
4941	25 
4942	27 
4943	21 
4944	1 7 17 
4945	6 
4946	21 
4947	27 
4948	20 
4949	17 
4950	13 
4951	8 15 25 
4952	4 8 19 
4953	11 
4954	4 10 15 
4955	15 
4956	17 
4957	15 
4958	18 
4959	19 
4960	21 
4961	21 
4962	10 
4963	13 
4964	19 
4965	2 
4966	25 
4967	25 
4968	11 
4969	15 
4970	16 
4971	26 
4972	18 
4973	13 
4974	15 
4975	6 
4976	3 
4977	13 
4978	12 
4979	11 
4980	14 
4981	14 
4982	11 
4983	19 
4984	12 14 18 
4985	13 15 21 
4986	4 11 22 
4987	15 21 27 
4988	26 
4989	19 
4990	7 
4991	15 
4992	2 9 21 
4993	19 
4994	9 
4995	10 
4996	18 
4997	13 
4998	21 
4999	16 
5000	11 
